1|1|09:32:01|14.00|3|001,cola,2;002,Lollipop,2;003,noodles,1;
1|1|09:32:48|10.50|3|002,Lollipop,2;001,cola,1;003,noodles,1;
1|1|09:35:28|5.00|2|001,cola,1;002,Lollipop,3;
1|1|09:36:32|4.00|2|001,cola,1;002,Lollipop,1;
1|2|09:38:23|4.50|2|001,cola,1;002,Lollipop,2;
2|1|09:50:26|10.50|3|001,cola,1;003,noodles,1;002,Lollipop,2;
2|1|09:52:41|4.50|2|001,cola,1;002,Lollipop,2;
2|1|09:53:12|7.50|2|001,cola,2;002,Lollipop,1;
4|1|09:54:30|14.00|3|001,cola,2;002,Lollipop,2;003,noodles,1;
1|1|09:55:11|7.50|2|001,cola,2;002,Lollipop,1;
